# Number of parameters = 4 Objective function value = 167.303243474307  Maximum gradient component = 2.09932834138726e-05
# log_q_LL:
-0.486151441164
# logSdLam:
 -2.65797753892 -1.73644222017 -2.24862780329
# biom:
 9.74987000972 8.40301273615 8.62309588087 8.99886802868 8.20500279974 6.70196050296 9.03871295805 8.09790241649 6.62901529064
 9.69446767354 8.42414208016 8.59404120727 9.17919754003 8.24533748680 6.73097273337 8.97533036056 8.11351546247 6.57184533786
 9.63906533736 8.44527142417 8.56498653368 9.35952705137 8.28567217386 6.75998496378 8.91194776306 8.12912850846 6.51467538508
 9.58366300118 8.46640076818 8.53593186008 9.53985656272 8.32600686092 6.78899719419 8.84856516557 8.14474155444 6.45750543230
 9.55527826022 8.49185597192 8.52076820955 9.50630735445 8.30723042758 6.85394134941 8.76418308263 8.17901311018 6.53820945492
 9.52689351926 8.51731117566 8.50560455901 9.47275814619 8.28845399424 6.91888550464 8.67980099969 8.21328466591 6.61891347753
 9.49850877829 8.54276637940 8.49044090848 9.43920893792 8.26967756090 6.98382965986 8.59541891676 8.24755622165 6.69961750014
 9.53571997245 8.56822158314 8.47527725794 9.53768282569 8.25090112757 7.04877381509 8.59853204241 8.28182777739 6.78032152275
 9.57293116661 8.59367678688 8.46011360741 9.63615671346 8.23212469423 7.11371797031 8.60164516806 8.31609933313 6.86102554536
 9.61014236077 8.61913199062 8.44494995688 9.73463060123 8.21334826089 7.17866212554 8.60475829371 8.35037088886 6.94172956797
 9.68008063905 8.64458719436 8.42978630634 9.85188197826 8.19457182755 7.24360628077 8.69751736589 8.38464244460 7.02243359058
 9.75001891733 8.67004239810 8.41462265581 9.96913335530 8.17579539421 7.30855043599 8.79027643808 8.41891400034 7.10313761319
 9.81995719561 8.69549760184 8.39945900527 10.0863847323 8.15701896087 7.37349459122 8.88303551026 8.45318555607 7.18384163581
 9.87388087368 8.72095280558 8.38429535474 10.1059160796 8.13824252754 7.43843874644 8.92065689427 8.48745711181 7.26454565842
 9.92780455174 8.74640800932 8.36913170420 10.1254474269 8.11946609420 7.50338290167 8.95827827827 8.52172866755 7.34524968103
 9.98172822981 8.77186321306 8.35396805367 10.1449787742 8.10068966086 7.56832705690 8.99589966228 8.55600022329 7.42595370364
 9.99598910413 8.78687885059 8.41792223834 10.1146651976 8.18560632130 7.63531249654 9.06293242801 8.57275218276 7.46584115662
 10.0102499785 8.80189448813 8.48187642302 10.0843516211 8.27052298174 7.70229793619 9.12996519375 8.58950414224 7.50572860959
 10.1070975405 8.81691012566 8.54583060769 10.0540380445 8.35543964217 7.76928337584 9.21747878057 8.60625610172 7.54561606257
 10.2039451026 8.83192576320 8.60978479237 10.0237244679 8.44035630261 7.83626881548 9.30499236740 8.62300806120 7.58550351555
 10.1860382246 8.83371610163 8.67373897704 10.0296245959 8.47951740151 7.90325425513 9.27876810705 8.63185521688 7.62539096853
 10.1681313466 8.83550644007 8.73769316171 10.0355247238 8.51867850040 7.97023969478 9.25254384671 8.64070237255 7.66527842150
 10.0957693567 8.84427385112 8.76539784676 10.0720749685 8.53761908103 8.12721385763 9.15456316833 8.44232992711 7.61914414401
 10.0234073668 8.85304126217 8.79310253181 10.1086252131 8.55655966166 8.28418802049 9.05658248996 8.24395748166 7.57300986652
 9.99641552368 8.82178403799 8.78276802160 10.0144689258 8.62791927925 8.38163266094 9.02658164313 8.25130083316 7.52817712833
 9.96942368058 8.79052681382 8.77243351138 9.92031263847 8.69927889683 8.47907730140 8.99658079631 8.25864418465 7.48334439014
 9.99359854026 8.77938758134 8.78696467246 10.0100622905 8.56150259036 8.43459811905 8.85177811849 8.17973486427 7.47680050709
 10.0177733999 8.76824834886 8.80149583353 10.0998119425 8.42372628389 8.39011893669 8.70697544068 8.10082554389 7.47025662404
 10.0658356377 8.73813199664 8.81602699461 10.1071751512 8.33186118155 8.34563975434 8.78852236354 8.03327217546 7.46371274099
 10.1138978754 8.70801564443 8.83055815568 10.1145383600 8.23999607921 8.30116057199 8.87006928640 7.96571880704 7.45716885794
 10.1730343104 8.65551484610 8.84508931676 10.0894294527 8.27668445565 8.25668138964 8.97755546925 7.97711091309 7.45062497489
 10.2321707454 8.60301404778 8.85962047783 10.0643205453 8.31337283210 8.21220220729 9.08504165211 7.98850301914 7.44408109184
 10.2366637163 8.59876268737 8.85962047783 10.1171291831 8.32517455093 8.21220220729 9.15432075208 8.02233060129 7.44408109184
 10.2411566872 8.59451132695 8.85962047783 10.1699378210 8.33697626976 8.21220220729 9.22359985205 8.05615818344 7.44408109184
 10.2375467753 8.60862364129 8.85962047783 10.1087229298 8.30778183102 8.21220220729 9.24077845927 8.10120833374 7.44408109184
 10.2339368633 8.62273595563 8.85962047783 10.0475080386 8.27858739227 8.21220220729 9.25795706649 8.14625848403 7.44408109184
 10.2339368633 8.62273595563 8.85962047783 10.0475080386 8.27858739227 8.21220220729 9.25795706649 8.14625848403 7.44408109184
 10.2339368633 8.62273595563 8.85962047783 10.0475080386 8.27858739227 8.21220220729 9.25795706649 8.14625848403 7.44408109184
 10.2339368633 8.62273595563 8.85962047783 10.0475080386 8.27858739227 8.21220220729 9.25795706649 8.14625848403 7.44408109184
